-0.0634206
0.297806
-0.206625
0.303476
0.401198
0.535113
-0.0103697
0.0620438
0.34138
-0.0975999
-0.0212985
0.0426388
0.174116
0.0222702
-0.3845
0.253406
0.582318
0.367177
-0.122336
0.540222
-0.476953
0.00044119
-0.135195
0.127136
0.127593
0.322813
0.288167
0.0538305
-0.307277
0.448068
0.36097
-0.12292
0.0789076
0.00390432
0.204082
-0.479721
0.151147
0.264272
-0.212277
0.964708
0.1431
0.36731
0.171195
-0.0792872
0.0841595
-0.550399
0.351444
-0.0570274
-0.1033
0.000524324
0.369142
0.448556
-0.113351
-0.130564
0.263843
0.229461
-0.255932
0.371099
-0.0272558
0.0835646
0.128884
0.208365
-0.268389
0.575517
-0.0193783
0.080117
0.306843
0.0858238
0.0383688
0.259589
0.271149
0.701031
-0.210462
0.111931
0.0202274
0.280899
0.264173
-0.0235341
0.561832
0.147704
0.342917
-0.0205931
-0.345401
-0.032975
0.456473
0.489008
0.52527
0.0921256
0.11869
0.235933
0.479518
0.162558
0.27415
-0.193441
0.495898
-0.254396
-0.121014
-0.240722
0.0927008
0.157567
0.384385
0.0393551
-0.0160859
-0.057241
-0.0196554
0.190167
0.106846
0.108479
0.334278
0.232483
0.51489
0.205673
0.0123962
0.541498
-0.0355921
0.322077
-0.0211491
0.138312
0.0635361
-0.141065
0.0569337
0.356015
0.241497
-0.0331976
-0.0389301
-0.117096
0.227488
0.251956
-0.123227
-0.430517
-0.338526
0.285962
0.696603
0.325635
0.288767
0.542453
0.0243822
0.0456745
0.155677
0.49924
0.0980054
0.229837
-0.0257266
0.342356
0.367619
0.0756417
-0.0486796
-0.163383
0.263401
0.186403
0.188767
0.360206
0.0820717
0.03635
0.334378
-0.00574588
-0.0196945
0.0518357
0.717613
0.230138
0.0370496
0.442144
-0.584336
0.379041
0.117872
-0.162875
0.0450244
0.0199972
-0.00548324
0.349084
0.150182
0.213158
-0.0278484
-0.414729
0.0595769
0.587453
-0.0838762
-0.0854879
0.0745478
-0.135701
-0.130607
0.290681
-0.223882
0.135136
0.128237
0.160956
-0.028909
0.134664
0.0476328
-0.32315
0.788542
0.401018
-0.0424277
0.223439
-0.139562
0.0265539
0.0275983
0.341108
0.227289
0.841643
0.423507
-0.0489571
0.00676023
0.116106
0.144383
-0.185169
0.0520299
0.920983
0.17062
0.0784461
0.012948
-0.0319855
-0.141717
-0.203443
0.272428
-0.0234887
0.0787384
-0.0756373
0.420102
-0.0171694
0.291896
-0.0146483
0.460637
0.237973
-0.0726896
-0.421764
0.14812
-0.125299
0.176751
0.147003
-0.329143
-0.0686256
0.399064
0.204871
-0.150463
0.155297
-0.199595
0.149156
-0.36198
0.087272
0.278164
0.125904
-0.0835978
-0.192039
0.494218
0.0174465
0.357737
0.135727
0.116031
0.0624749
0.284862
-0.0648065
0.453918
-0.174981
-0.269487
-0.323783
0.205205
0.10071
0.357083
0.487118
0.250781
0.163316
-0.045495
0.0173306
0.0378216
0.149083
0.0283696
-0.059124
0.026498
0.218021
0.587388
0.288562
-0.192934
0.0768778
-0.114188
-0.105219
0.0354442
0.0303576
0.293374
-0.369936
0.436144
0.0828789
-0.127272
0.279659
0.207093
0.0744925
0.00795491
0.189353
0.109694
0.0685824
0.308199
0.154053
0.00960659
0.114779
0.300805
0.315738
0.0853729
0.166559
0.00619703
-0.254776
0.0798143
-0.0862546
0.195135
-0.249364
0.0680517
0.203628
0.0158813
0.152813
0.51572
0.0492783
0.140547
0.0666652
0.218076
-0.0144776
0.316492
0.0407729
0.49777
0.213454
-0.0200884
0.184661
0.0898128
0.0617767
0.130435
-0.0142095
-0.0152531
0.223403
0.479774
0.560581
0.30253
0.278817
0.0676211
0.264626
-0.122777
0.280598
0.039767
0.29645
0.256806
0.210289
0.178468
0.1857
0.0577521
0.0681723
0.341624
0.404267
0.00397141
0.214632
0.199621
0.0902034
-0.101006
0.0286206
0.209314
0.116765
-0.217317
0.28484
-0.349558
0.257575
0.0704991
0.432173
-0.244892
0.388566
0.0958666
-0.145991
0.191126
-0.105057
0.040671
0.422353
-0.121666
0.439482
0.18771
0.0833939
-0.0751912
0.0167063
-0.022309
-0.205584
0.0234396
-0.155615
0.0493768
0.0222455
-0.22744
0.38345
0.18404
0.211447
-0.249018
0.105045
0.152021
-0.239688
0.131271
-0.0838941
0.207385
-0.12108
0.0884664
-0.0803377
-0.0320659
0.299107
-0.213402
0.0810054
-0.16081
-0.103191
0.0262561
0.0540579
-0.0469771
0.367753
0.271313
0.0522662
-0.0226366
0.0113522
0.0507691
-0.248063
-0.0665709
-0.212544
0.0833784
0.409127
-0.0378441
0.0870894
-0.211829
0.234002
0.0395011
0.510506
0.276993
0.59927
-0.240486
0.144409
0.114667
-0.154503
0.247929
0.190903
0.360571
0.0665968
-0.0939906
0.297598
0.527658
0.0537983
0.332109
-0.19121
-0.0623214
0.444919
-0.173976
-0.176551
-0.0654633
-0.437226
0.0226879
0.266591
0.0253782
-0.00591499
0.0389104
0.171211
-0.0725273
-0.0534254
0.120942
0.0891601
-0.137227
0.137331
0.109308
-0.052181
-0.0141737
0.0565499
-0.022193
0.277573
0.100095
-0.167081
0.0974679
0.293902
0.172308
-0.332653
0.216663
-0.0448039
0.0671808
0.286903
-0.118397
0.0147204
0.27357
-0.157553
-0.195929
-0.314848
0.475049
-0.179148
0.129379
0.2902
0.183877
0.0957748
0.497026
0.296604
0.259805
-0.0886743
0.351531
